Nx = 4
Ny = 4

7 iterations need to get 1e-10 error
0.0121203	0.00613404	0.00606059	0.0121947	0.00613404	7.47997e-05	4.53193e-07	0.00613496	0.00606059	4.53193e-07	-7.38931e-05	0.0060597	0.0121947	0.00613496	0.0060597	0.012269	
Time: 6.756 ms
