Nx = 3
Ny = 3
3 iterations need to get 1e-10 error
Time: 12.9498 ms
1.67055e-09	8.35274e-10	1.67055e-09	8.35274e-10	-2.79073e-18	8.35274e-10	1.67055e-09	8.35274e-10	1.67055e-09	